
0.84000003
0.29999998
0.120000005
0.120000005
0.59999996
0.120000005
0.120000005
0.29999998
0.120000005
0.120000005
0.120000005
0.120000005
0.120000005
0.060000002
0.120000005
0.120000005
0.18
0.120000005
0.29999998
0.120000005
0.18
0.120000005
0.120000005
0.060000002
0.120000005
0.120000005
0.060000002
0.120000005
0.120000005
0.060000002
0.0
0.060000002
0.060000002
0.060000002
0.060000002
0.0
0.060000002
0.060000002
0.060000002
0.0
0.060000002
0.060000002
0.060000002
0.24000001
0.060000002
0.060000002
0.120000005
0.060000002
0.120000005
0.060000002
0.060000002
0.060000002
0.060000002
0.060000002
0.060000002
0.0
0.0
0.120000005
0.060000002
0.060000002
0.060000002
0.060000002
0.060000002
0.060000002
0.060000002
0.060000002
0.060000002
0.060000002
0.060000002
0.060000002
0.120000005
0.060000002
0.0
0.060000002
0.060000002
0.0
0.0
0.84000003
0.060000002
0.120000005
0.060000002
0.060000002
0.24000001
0.060000002
0.060000002
0.120000005
0.060000002
0.060000002
0.060000002
2.28
0.65999997
0.120000005
0.36
0.120000005
0.120000005
0.120000005
0.060000002
0.060000002
0.060000002
0.120000005
0.060000002
0.120000005
0.120000005
0.120000005
0.060000002
0.18
0.060000002
0.120000005
0.120000005
0.060000002
0.120000005
0.120000005
0.060000002
0.060000002
0.060000002
0.060000002
0.060000002
0.060000002
0.060000002
0.060000002
0.59999996
0.65999997
0.120000005
0.29999998
0.060000002
0.120000005
0.060000002
0.24000001
0.120000005
0.060000002
0.48000002
0.120000005
0.120000005
0.120000005
0.120000005
0.120000005
0.060000002
0.120000005
0.120000005
0.120000005
0.120000005
0.120000005
0.060000002
0.120000005
0.120000005
0.18
0.060000002
0.120000005
0.060000002
0.060000002
0.060000002
0.060000002
0.060000002
0.060000002
0.060000002
0.060000002
0.060000002
0.0
0.060000002
0.060000002
0.060000002
0.0
0.060000002
0.120000005
0.060000002
0.060000002
0.120000005
0.060000002
0.060000002
0.060000002
0.060000002
0.0
0.060000002
0.120000005
0.060000002
0.060000002
0.0
0.060000002
0.060000002
0.0
0.060000002
0.0
0.060000002
0.060000002
0.0
0.0
0.060000002
0.060000002
0.0
0.060000002
0.060000002
0.060000002
0.060000002
0.060000002
0.060000002
0.060000002
0.0
0.060000002
0.0
0.060000002
0.060000002
0.060000002
0.060000002
0.060000002
0.060000002
0.060000002
0.72
0.29999998
0.120000005
0.18
0.59999996
0.060000002
0.120000005
0.060000002
0.18
0.060000002
0.120000005
0.060000002
0.120000005
0.060000002
0.060000002
0.18
0.120000005
0.120000005
0.120000005
0.18
0.060000002
0.65999997
0.29999998
0.120000005
1.0200001
0.24000001
0.120000005
0.120000005
0.060000002
0.120000005
1.0200001
0.48000002
0.120000005
0.24000001
0.120000005
0.120000005
0.120000005
0.120000005
0.060000002
0.060000002
0.120000005
0.120000005
0.060000002
0.18
0.120000005
0.18
0.060000002
0.060000002
0.060000002
0.120000005
0.060000002
0.120000005
0.060000002
0.120000005
0.120000005
0.18
0.120000005
0.060000002
0.060000002
0.060000002
0.120000005
0.060000002
0.120000005
0.0
0.060000002
0.060000002
0.060000002
0.24000001
0.120000005
0.060000002
0.120000005
0.060000002
0.060000002
0.0
0.0
0.060000002
0.0
0.120000005
0.060000002
0.120000005
0.060000002
0.060000002
0.18
0.060000002
0.060000002
0.060000002
0.060000002
0.0
0.060000002
0.060000002
0.060000002
0.060000002
0.060000002
0.0
0.060000002
0.0
0.060000002
0.060000002
0.060000002
0.060000002
0.060000002
0.060000002
0.060000002
0.060000002
0.060000002
2.3400002
0.53999996
0.36
0.36
0.29999998
0.24000001
0.24000001
0.18
0.18
0.24000001
0.18
0.120000005
0.24000001
0.060000002
0.060000002
0.060000002
0.18
0.060000002
0.060000002
0.060000002
0.060000002
0.060000002
0.060000002
0.060000002
0.060000002
0.060000002
0.060000002
0.060000002
0.120000005
0.060000002
0.060000002
0.060000002
0.060000002
0.120000005
0.060000002
0.060000002
0.060000002
0.0
0.060000002
0.060000002
0.060000002
0.84000003
0.120000005
0.120000005
0.120000005
0.120000005
0.120000005
0.120000005
0.120000005
0.120000005
0.120000005
0.060000002
0.120000005
0.120000005
0.060000002
0.060000002
0.120000005
0.120000005
0.120000005
0.060000002
0.060000002
0.120000005
0.060000002
0.060000002
0.0
0.060000002
0.0
0.060000002
0.060000002
0.060000002
0.060000002
0.060000002
0.060000002
0.060000002
0.060000002
0.0
0.0
0.060000002
0.060000002
0.060000002
0.060000002
0.060000002
0.060000002
0.060000002
0.060000002
0.060000002
0.060000002
0.060000002
0.0
0.120000005
0.120000005
0.060000002
0.0
0.060000002
0.060000002
0.060000002
0.060000002
0.060000002
0.060000002
0.060000002
0.060000002
0.060000002
0.0
0.060000002
0.060000002
0.060000002
0.060000002
0.0
0.0
0.060000002
0.0
0.060000002
0.72
0.24000001
0.18
0.120000005
0.24000001
0.120000005
0.18
0.120000005
0.120000005
0.060000002
0.84000003
0.29999998
0.120000005
0.060000002
0.060000002
0.18
0.120000005
0.18
0.060000002
0.060000002
0.18
0.120000005
0.060000002
0.060000002
0.060000002
0.060000002
0.120000005
0.060000002
0.120000005
0.060000002
0.120000005
0.120000005
0.060000002
0.120000005
0.120000005
0.060000002
0.0
0.060000002
0.060000002
0.060000002
0.060000002
0.0
0.060000002
0.060000002
0.060000002
0.0
0.060000002
0.0
0.060000002
0.060000002
0.0
0.060000002
0.060000002
0.060000002
0.060000002
0.060000002
0.0
0.060000002
0.060000002
0.060000002
0.0
0.0
0.0
0.060000002
0.120000005
0.060000002
0.060000002
0.120000005
0.060000002
0.060000002
0.96000004
0.18
0.120000005
0.120000005
0.060000002
0.120000005
0.060000002
0.060000002
0.120000005
0.060000002
0.060000002
0.060000002
0.060000002
0.120000005
0.120000005
0.060000002
0.060000002
0.060000002
0.060000002
0.060000002
0.060000002
0.060000002
0.060000002
0.060000002
0.120000005
0.060000002
0.0
0.120000005
0.120000005
0.060000002
0.060000002
0.120000005
0.0
0.060000002
0.060000002
0.060000002
0.060000002
0.060000002
0.060000002
0.060000002
0.060000002
0.0
0.060000002
0.060000002
0.060000002
0.0
0.060000002
0.060000002
0.060000002
0.060000002
0.120000005
0.060000002
0.0
0.120000005
0.060000002
0.18
0.0
0.060000002
0.060000002
0.060000002
0.060000002
0.060000002
0.060000002
0.0
0.060000002
0.060000002
0.060000002
0.060000002
0.060000002
0.060000002
0.0
0.060000002
0.0
0.060000002
0.0
0.060000002
0.060000002
0.060000002
0.84000003