
244.38
234.72
219.06
271.92
235.20001
271.14
329.4
264.59998
209.64
259.08
271.2
262.62
235.68
210.78
269.4
225.6
208.31999
217.08
237.78
231.12
285.9
240.78
229.43999
230.1
213.0
230.46
246.6
218.15999
239.64
227.88
244.74
243.65999
220.14
218.88
222.24
243.12
230.1
246.42
232.98
275.82
232.92
231.54
229.68001
257.09998
223.14
243.06001
236.76001
269.46002
226.07999
228.95999
227.58
217.73999
238.92001
243.00002
251.40001
243.23999
233.34
217.08
222.12
261.18002
214.2
240.06
271.62
223.14
240.42
239.22
237.18001
252.41998
248.04
276.36
215.46
266.22
213.42
220.20001
224.22
222.24
284.46002
268.97998
229.43999
223.08
239.45999
212.04
218.57999
217.14
257.58002
226.14
226.62
242.93999
245.82
250.86002
263.58002
265.08002
287.28
247.2
225.72
223.02
228.0
223.5
264.84
221.22
212.81999
252.84001
220.86
267.36
224.34001
235.14
240.54
341.1
248.1
245.52
237.24
239.94
248.28
335.22
213.06001
220.98001
225.06
283.97998
247.26
262.08002
240.9
235.08
222.12
250.31999
227.70001
274.91998
213.23999
218.40001
213.90001
250.62
241.73999
222.66
231.95999
217.92
258.78
289.32
231.95999
245.46
268.97998
212.22
290.46
218.22
234.42
244.85999
252.90001
275.22
245.46
238.56
211.8
227.88
215.16
226.32
239.64
216.0
224.16
273.12
237.06
227.28
230.64
217.5
217.98
237.96
275.94
229.74
247.32
248.64
225.96
211.02
228.06001
213.3
231.06
257.15997
239.16
234.18001
282.18
288.54
335.94
222.84
219.66
232.8
212.1
265.14
281.22
224.76001
219.06
231.06
229.98
215.81999
251.04001
251.99998
222.18001
272.4
256.2
239.28
219.72
209.7
228.59999
246.12001
250.31999
215.58
214.08
230.64
211.44
233.15999
223.74
213.59999
225.96
235.08
218.15999
243.54001
265.2
221.51999
236.88
228.66
248.34
251.51999
230.34
222.9
236.22
245.1
234.36
230.04001
298.86
237.78
276.72
242.04
259.2
228.3
228.59999
251.70001
220.08
214.26001
249.23999
233.1
312.6
236.64
214.26001
221.88
249.18
334.68
249.78
240.18
301.62
222.84
237.48
222.24
222.72
217.62001
230.34
243.00002
228.72
217.62001
247.14
222.96
242.70001
248.04
238.8
244.98001
234.24
255.6
321.96002
224.76001
265.14
233.22
213.78
235.08
214.92
219.66
255.48
270.12
219.72
291.72
219.06
230.34
262.32
221.04001
211.26
227.76
249.12
243.06001
219.54
217.98
217.02
212.88
271.02002
209.22
262.25998
217.92
228.84
248.7
236.82
226.26
259.13998
218.04001
217.31999
232.73999
279.06
228.06001
218.22
212.16
232.26001
251.21999
217.68001
214.26001
274.2
265.08002
226.98
232.68001
238.74
230.88
298.68002
229.14
253.19998
265.38
272.94
254.88
238.14
234.66
245.76001
226.26
210.3
277.02002
246.54001
280.74
207.36
239.04
230.28
230.04001
249.72002
215.22
211.2
230.04001
246.0
210.96
241.5
249.54
275.16
234.95999
209.22
257.09998
235.62
212.34
255.66
246.3
231.72
235.08
226.2
209.22
241.2
213.90001
207.84
281.63998
241.80002
241.86002
251.04001
261.0
259.68
232.73999
220.02
264.59998
254.1
268.5
211.8
230.52
250.31999
230.1
241.08
238.56
220.92
238.02
225.18001
235.14
221.76001
227.16
246.42
261.36
232.56
209.87999
241.92
228.90001
243.90001
223.74
280.98
253.8
258.24
241.08
220.08
291.06
259.13998
210.96
213.18
302.76
259.8
303.84
252.12001
240.24
223.2
293.7
279.9
220.92
281.94
221.28
246.24
220.08
219.9
240.12
292.02002
248.76
213.66
230.04001
232.26001
240.12
230.34
246.06
210.72
328.26
238.31999
265.14
258.66
252.24
290.94
242.4
208.56
216.66
253.97998
229.08
230.1
211.14
219.54
260.04
215.16
294.12
222.12
239.16
262.25998
251.09999
214.01999
250.26
226.8
234.3
279.06
220.20001
243.54001
220.38
236.40001
242.22002
232.02
285.06
253.62001
231.95999
291.41998
249.48
228.12
229.79999
266.04
289.98
218.22
212.22
233.40001
230.94
209.34001
221.64
211.62
216.0
269.75998
222.12
235.31999
281.82
242.15999
221.34
262.19998
215.28
244.01999
220.26
232.44
232.26001
224.87999
210.96
219.9
222.72
262.08002
257.82
241.86002
213.78
208.98
235.08
263.52002
229.2
242.28
253.56
240.78
223.08
218.04001
250.98001
208.8
217.98
229.98
279.18
219.54
262.32