
234.48
232.73999
213.48001
232.92
229.5
220.02
222.24
211.5
225.6
210.06
215.28
233.64
231.12
221.09999
210.06
233.22
223.44
209.28
215.28
227.16
224.16
237.18001
226.44
222.96
229.01999
217.86
223.92001
225.23999
219.24
220.62
216.18
222.78
216.24
224.58
226.44
219.66
224.7
220.62
215.88
220.08
234.0
224.64
232.14
220.26
224.7
228.59999
230.22
228.66
208.56
224.34001
214.79999
218.57999
235.44
232.68001
234.3
214.26001
222.48
215.7
220.20001
213.59999
218.15999
224.45999
220.8
227.04
230.1
230.81999
214.56
223.02
221.45999
217.14
224.58
212.64
218.57999
234.18001
221.88
214.14
221.16
224.28
225.48
235.68
220.08
225.23999
219.3
220.26
221.7
222.29999
221.58
213.66
220.73999
218.22
222.12
226.07999
262.19998
228.23999
229.14
231.18
268.26
220.62
217.14
217.26001
220.14
235.98001
226.44
229.08
216.12
214.26001
220.86
219.72
231.12
213.54001
229.86
222.0
208.98
219.06
224.04
214.2
225.0
226.74
224.04
222.42
219.0
217.37999
218.28
216.42001
241.02002
219.72
255.06
230.16
221.22
228.59999
214.2
220.02
231.78
223.86
222.72
213.06001
245.63998
222.29999
228.06001
238.31999
219.9
222.84
214.32
214.68001
223.38
233.52
228.18
219.42
214.2
219.95999
232.02
221.88
240.36
223.62
222.78
211.2
212.04
222.12
213.0
219.24
225.06
222.29999
216.18
234.18001
217.31999
221.04001
227.34
216.78
214.26001
229.32
209.22
222.12
222.6
240.84
221.16
218.28
214.14
225.96
213.3
231.36
228.06001
217.26001
235.14
231.24
246.18001
224.94
233.28
216.9
209.4
221.88
223.86
222.24
215.64
216.06
220.5
211.38
217.92
211.38
218.28
213.3
220.56001
218.7
216.12
227.4
256.44
237.6
220.92
221.22
212.45999
225.0
225.84
213.90001
219.0
218.22
218.46
223.02
246.06
225.23999
249.06
235.02
231.95999
238.31999
231.0
232.44
216.95999
221.09999
214.08
220.08
219.84
231.84001
215.94
215.1
219.06
227.04
244.13998
224.09999
214.92
214.56
226.44
219.84
211.92
214.08
224.09999
223.31999
218.04001
230.46
226.8
249.65999
236.51999
221.76001
211.2
229.2
243.84001
232.98
233.04001
238.92001
218.88
222.06
237.9
215.64
222.12
218.46
219.48
224.4
227.34
230.52
226.62
213.90001
230.7
219.6
214.14
231.42001
221.40001
221.04001
222.48
229.86
223.98
224.28
214.2
235.44
222.06
247.14
227.45999
212.04
222.72
214.14
219.66
223.44
227.45999
232.62001
217.92
226.56
217.44
225.0
220.38
232.5
219.12
212.16
214.2
217.44
232.98
223.5
226.14
217.26001
223.2
235.31999
220.68
221.7
211.68001
231.36
255.9
233.88
219.54
216.95999
212.70001
215.04001
214.43999
224.28
209.16
219.48
213.12
214.56
239.52
215.4
235.20001
214.32
227.94
218.40001
223.86
216.12
217.08
215.16
227.70001
222.66
214.01999
220.86
214.14
211.32
232.2
226.26
230.94
216.95999
229.2
214.26001
212.16
215.1
233.76
241.80002
221.16
223.14
222.29999
230.88
228.3
221.16
236.22
227.28
238.08
229.98
248.1
222.24
219.9
223.68
225.72
226.86
226.14
211.07999
236.04001
234.18001
247.98
209.04
224.04
219.0
220.08
216.78
212.81999
213.0
227.04
224.64
213.54001
232.44
219.36
236.76001
222.0
208.74
230.1
219.84
212.16
222.12
224.81999
228.23999
220.26
234.84
224.81999
214.26001
208.44
220.20001
212.22
208.02
228.3
219.78
221.22
214.26001
219.12
214.74
226.2
238.14
224.94
231.18
216.24
225.12001
217.08
227.04
229.74
240.72
225.90001
231.66
233.04001
229.01999
230.7
216.0
241.02002
251.40001
241.2
221.04001
252.41998
210.96
221.51999
222.9
243.78001
221.04001
219.18001
234.06
228.23999
215.22
211.86
215.76
224.16
228.78
221.7
231.48
220.5
213.0
230.28
232.2
230.28
218.15999
228.42
211.56
230.76
218.34
219.12
220.62
222.48
231.72
231.0
212.94
215.7
229.14
239.45999
223.02
215.28
209.22
213.12
247.86
216.9
238.98
233.22
222.96
230.28
224.94
216.12
214.14
220.31999
233.28
217.08
214.86
232.92
215.7
226.86
220.02
219.12
227.16
216.06
229.08
225.78
216.0
219.9
219.06
219.66
213.23999
221.22
223.08
210.18001
238.68
215.04001
233.57999
214.62
225.6
225.90001
238.92001