
1.98
0.36
0.24000001
0.18
0.18
0.120000005
0.060000002
0.060000002
0.060000002
0.120000005
0.060000002
0.120000005
0.060000002
0.060000002
0.060000002
0.060000002
0.120000005
0.060000002
0.060000002
0.060000002
0.060000002
0.060000002
0.060000002
0.060000002
0.120000005
0.060000002
0.060000002
0.120000005
0.060000002
0.060000002
0.060000002
0.120000005
0.060000002
0.060000002
0.120000005
0.060000002
0.060000002
0.120000005
0.060000002
0.060000002
0.060000002
0.120000005
0.060000002
0.060000002
0.060000002
0.120000005
0.060000002
0.060000002
0.060000002
0.120000005
0.060000002
0.120000005
2.0400002
0.18
0.120000005
0.24000001
0.060000002
0.060000002
0.060000002
0.120000005
0.060000002
0.060000002
0.0
0.060000002
0.060000002
0.120000005
0.060000002
0.060000002
0.060000002
2.0400002
0.36
0.29999998
0.18
0.120000005
0.18
0.120000005
0.060000002
0.060000002
0.120000005
0.120000005
0.060000002
0.060000002
0.060000002
0.060000002
0.060000002
0.060000002
0.060000002
0.120000005
0.120000005
0.120000005
0.060000002
0.060000002
0.060000002
0.120000005
0.120000005
0.120000005
0.120000005
0.060000002
0.060000002
0.060000002
0.060000002
0.060000002
0.060000002
0.0
0.060000002
0.060000002
0.060000002
0.060000002
0.060000002
0.060000002
0.060000002
0.120000005
0.24000001
0.060000002
0.060000002
0.060000002
0.060000002
0.060000002
0.060000002
0.120000005
0.18
0.18
0.060000002
0.120000005
0.060000002
0.060000002
0.0
0.060000002
0.060000002
0.060000002
0.0
0.060000002
1.0200001
0.48000002
0.29999998
0.060000002
0.060000002
0.120000005
0.060000002
0.060000002
0.060000002
0.060000002
0.060000002
0.120000005
0.060000002
0.36
1.5600001
0.42000002
0.29999998
0.18
0.18
0.29999998
1.3199999
0.29999998
0.18
0.18
0.18
0.120000005
0.060000002
0.060000002
0.060000002
0.060000002
0.060000002
0.060000002
0.060000002
0.060000002
0.060000002
0.060000002
0.120000005
0.060000002
0.060000002
0.060000002
0.120000005
0.060000002
0.060000002
0.060000002
0.060000002
0.120000005
0.060000002
0.060000002
0.060000002
0.060000002
0.060000002
0.060000002
0.060000002
0.060000002
0.060000002
0.060000002
0.060000002
0.120000005
0.060000002
0.060000002
0.060000002
0.060000002
0.060000002
0.060000002
0.120000005
0.060000002
0.060000002
0.060000002
0.060000002
0.060000002
0.060000002
0.060000002
0.060000002
0.120000005
0.060000002
0.060000002
0.060000002
0.120000005
0.060000002
0.120000005
0.120000005
0.0
0.120000005
0.060000002
0.060000002
0.060000002
0.060000002
0.36
0.060000002
0.060000002
0.060000002
0.060000002
0.060000002
0.060000002
0.060000002
0.060000002
0.0
0.060000002
0.060000002
0.060000002
0.060000002
0.060000002
0.060000002
0.060000002
0.060000002
0.060000002
0.060000002
0.120000005
0.060000002
0.060000002
0.060000002
0.060000002
0.060000002
0.060000002
0.060000002
0.060000002
0.120000005
0.060000002
0.060000002
0.060000002
5.2799997
0.65999997
0.48000002
0.36
0.18
0.120000005
0.120000005
0.120000005
0.060000002
0.060000002
0.120000005
0.060000002
0.120000005
0.120000005
0.120000005
0.060000002
0.060000002
0.120000005
0.18
0.120000005
0.060000002
0.060000002
0.060000002
0.120000005
0.060000002
0.060000002
0.060000002
0.060000002
0.120000005
0.060000002
0.0
0.060000002
0.060000002
0.060000002
0.060000002
0.120000005
0.060000002
0.120000005
0.060000002
0.060000002
0.0
0.060000002
0.120000005
0.060000002
0.0
0.060000002
0.060000002
0.060000002
0.120000005
0.0
0.120000005
0.060000002
0.060000002
0.060000002
0.060000002
0.060000002
0.060000002
0.060000002
0.060000002
0.060000002
1.14
0.42000002
0.29999998
0.18
0.18
0.120000005
0.060000002
0.060000002
0.120000005
0.120000005
0.120000005
0.060000002
0.120000005
0.060000002
0.060000002
0.060000002
0.060000002
0.060000002
0.060000002
0.060000002
0.060000002
0.060000002
0.120000005
0.060000002
0.060000002
0.060000002
0.060000002
0.060000002
0.060000002
0.060000002
0.060000002
0.0
0.060000002
0.060000002
0.060000002
0.0
0.060000002
0.060000002
0.060000002
0.060000002
0.060000002
0.060000002
0.060000002
0.060000002
0.060000002
0.060000002
0.060000002
0.060000002
0.120000005
0.060000002
0.120000005
0.060000002
0.120000005
0.060000002
0.060000002
0.060000002
0.120000005
0.060000002
0.060000002
0.060000002
0.060000002
0.060000002
0.060000002
0.060000002
0.060000002
0.060000002
0.060000002
0.060000002
0.060000002
0.060000002
0.060000002
0.060000002
0.060000002
0.060000002
0.120000005
0.060000002
0.060000002
0.120000005
0.120000005
0.060000002
0.060000002
0.060000002
0.060000002
0.060000002
0.060000002
0.120000005
0.120000005
0.060000002
0.060000002
0.060000002
0.060000002
0.060000002
0.060000002
0.060000002
0.0
0.060000002
0.060000002
0.060000002
0.060000002
0.060000002
1.0799999
0.24000001
0.18
0.24000001
0.18
0.120000005
0.29999998
0.120000005
0.060000002
0.060000002
0.060000002
0.060000002
1.26
0.36
0.29999998
0.18
0.18
0.18
0.120000005
0.060000002
0.060000002
0.060000002
0.060000002
0.060000002
0.18
0.18
0.120000005
0.120000005
0.060000002
0.060000002
0.060000002
0.060000002
0.060000002
0.060000002
0.060000002
0.120000005
0.060000002
0.0
0.120000005
0.120000005
0.120000005
0.060000002
0.060000002
0.060000002
0.060000002
0.060000002
0.060000002
0.120000005
0.120000005
0.060000002
0.060000002
0.060000002
0.060000002
0.060000002
0.060000002
0.060000002
0.060000002
0.060000002
0.060000002
0.0
0.060000002
0.060000002
0.060000002
0.0
0.060000002
0.060000002
0.060000002
0.060000002
0.060000002
0.060000002
0.060000002
0.060000002
0.060000002
0.060000002
0.0
0.120000005
0.060000002
0.060000002
0.060000002
0.060000002
0.060000002
0.060000002
0.060000002
0.060000002
0.060000002
0.060000002
0.060000002
0.060000002
0.060000002
0.0
0.0
0.060000002
0.060000002
0.060000002
0.060000002
0.060000002
0.060000002
0.0
0.060000002
0.060000002
0.060000002
0.060000002
0.060000002
0.060000002
0.060000002
0.060000002
0.060000002
0.120000005
0.060000002
0.060000002
0.060000002
0.120000005
1.26
0.36
0.24000001
0.18
0.18
0.060000002
0.060000002
0.060000002
0.060000002
0.060000002
0.060000002
0.060000002
0.060000002
0.060000002
0.060000002
0.120000005
0.060000002
0.060000002
0.0
0.060000002
0.060000002
0.060000002
0.060000002
0.060000002
0.060000002
0.060000002
0.060000002
0.120000005
0.0
0.060000002
0.060000002
0.060000002
0.120000005
0.060000002
0.060000002
0.0
0.0
0.060000002
0.060000002
0.060000002
0.060000002
0.060000002
0.060000002
0.060000002
0.060000002
0.060000002
0.060000002
0.060000002
0.060000002
0.060000002
0.060000002
0.060000002
0.060000002
0.060000002
0.060000002
0.060000002
0.060000002
0.060000002
0.060000002
0.060000002
0.060000002
0.0
0.060000002
0.060000002
0.060000002
0.060000002
0.060000002
0.0
0.120000005
0.060000002
0.120000005
0.120000005
0.060000002
0.060000002
0.060000002
0.060000002
0.060000002
0.060000002
0.120000005
0.120000005
0.060000002
0.120000005
0.120000005
0.060000002
0.060000002
0.060000002
0.120000005
0.060000002
0.060000002
0.120000005
0.060000002
0.060000002
0.060000002
0.060000002
0.060000002
0.060000002
0.060000002
0.060000002
0.060000002
0.060000002
1.44